POSTAL_FIPS_ID	NCDC_FIPS_ID	CLIMDIV_ID
1033	1033	101
1059	1059	101
1077	1077	101
1079	1079	101
1083	1083	101
1089	1089	101
1103	1103	101
1009	1009	102
1043	1043	102
1049	1049	102
1071	1071	102
1073	1073	102
1095	1095	102
1001	1001	103
1007	1007	103
1021	1021	103
1057	1057	103
1075	1075	103
1093	1093	103
1107	1107	103
1125	1125	103
1127	1127	103
1133	1133	103
1015	1015	104
1019	1019	104
1055	1055	104
1115	1115	104
1117	1117	104
1121	1121	104
1017	1017	105
1027	1027	105
1029	1029	105
1037	1037	105
1051	1051	105
1081	1081	105
1111	1111	105
1123	1123	105
1011	1011	106
1047	1047	106
1063	1063	106
1065	1065	106
1085	1085	106
1087	1087	106
1091	1091	106
1101	1101	106
1105	1105	106
1119	1119	106
1005	1005	107
1013	1013	107
1023	1023	107
1025	1025	107
1031	1031	107
1035	1035	107
1039	1039	107
1041	1041	107
1045	1045	107
1053	1053	107
1061	1061	107
1067	1067	107
1069	1069	107
1099	1099	107
1109	1109	107
1113	1113	107
1129	1129	107
1131	1131	107
1003	1003	108
1097	1097	108
4015	2015	201
4001	2001	202
4005	2005	202
4017	2017	202
4025	2025	203
4007	2007	204
4012	2012	205
4027	2027	205
4013	2013	206
4021	2021	206
4003	2003	207
4009	2009	207
4011	2011	207
4019	2019	207
4023	2023	207
5007	3007	301
5009	3009	301
5015	3015	301
5087	3087	301
5101	3101	301
5143	3143	301
5005	3005	302
5023	3023	302
5049	3049	302
5065	3065	302
5089	3089	302
5129	3129	302
5135	3135	302
5137	3137	302
5141	3141	302
5021	3021	303
5031	3031	303
5055	3055	303
5063	3063	303
5067	3067	303
5075	3075	303
5093	3093	303
5111	3111	303
5121	3121	303
5145	3145	303
5033	3033	304
5047	3047	304
5071	3071	304
5083	3083	304
5113	3113	304
5115	3115	304
5127	3127	304
5131	3131	304
5149	3149	304
5029	3029	305
5045	3045	305
5051	3051	305
5053	3053	305
5059	3059	305
5105	3105	305
5119	3119	305
5125	3125	305
5001	3001	306
5035	3035	306
5037	3037	306
5077	3077	306
5085	3085	306
5095	3095	306
5107	3107	306
5117	3117	306
5123	3123	306
5147	3147	306
5057	3057	307
5061	3061	307
5073	3073	307
5081	3081	307
5091	3091	307
5097	3097	307
5109	3109	307
5133	3133	307
5011	3011	308
5013	3013	308
5019	3019	308
5025	3025	308
5027	3027	308
5039	3039	308
5099	3099	308
5103	3103	308
5139	3139	308
5003	3003	309
5017	3017	309
5041	3041	309
5043	3043	309
5069	3069	309
5079	3079	309
6015	4015	401
6023	4023	401
6041	4041	401
6045	4045	401
6055	4055	401
6093	4093	401
6097	4097	401
6105	4105	401
6007	4007	402
6011	4011	402
6017	4017	402
6021	4021	402
6033	4033	402
6049	4049	402
6057	4057	402
6061	4061	402
6063	4063	402
6067	4067	402
6089	4089	402
6091	4091	402
6095	4095	402
6101	4101	402
6103	4103	402
6113	4113	402
6115	4115	402
6003	4003	403
6035	4035	403
6051	4051	403
6001	4001	404
6013	4013	404
6053	4053	404
6069	4069	404
6075	4075	404
6079	4079	404
6081	4081	404
6085	4085	404
6087	4087	404
6005	4005	405
6009	4009	405
6019	4019	405
6029	4029	405
6031	4031	405
6039	4039	405
6043	4043	405
6047	4047	405
6077	4077	405
6099	4099	405
6107	4107	405
6109	4109	405
6037	4037	406
6059	4059	406
6073	4073	406
6083	4083	406
6111	4111	406
6025	4025	407
6027	4027	407
6065	4065	407
6071	4071	407
8009	5009	501
8011	5011	501
8015	5015	501
8017	5017	501
8025	5025	501
8027	5027	501
8041	5041	501
8043	5043	501
8055	5055	501
8061	5061	501
8065	5065	501
8071	5071	501
8073	5073	501
8089	5089	501
8099	5099	501
8101	5101	501
8119	5119	501
8007	5007	502
8029	5029	502
8033	5033	502
8037	5037	502
8045	5045	502
8049	5049	502
8051	5051	502
8067	5067	502
8077	5077	502
8081	5081	502
8083	5083	502
8085	5085	502
8091	5091	502
8097	5097	502
8103	5103	502
8107	5107	502
8111	5111	502
8113	5113	502
8117	5117	502
8063	5063	503
8095	5095	503
8115	5115	503
8121	5121	503
8125	5125	503
8001	5001	504
8005	5005	504
8013	5013	504
8019	5019	504
8031	5031	504
8035	5035	504
8039	5039	504
8047	5047	504
8057	5057	504
8059	5059	504
8069	5069	504
8075	5075	504
8087	5087	504
8093	5093	504
8123	5123	504
8003	5003	505
8021	5021	505
8023	5023	505
8053	5053	505
8079	5079	505
8105	5105	505
8109	5109	505
9005	6005	601
9001	6001	602
9003	6003	602
9007	6007	602
9009	6009	602
9011	6011	602
9013	6013	602
9015	6015	602
10003	7003	701
10001	7001	702
10005	7005	702
12005	8005	801
12013	8013	801
12033	8033	801
12037	8037	801
12039	8039	801
12045	8045	801
12059	8059	801
12063	8063	801
12065	8065	801
12073	8073	801
12077	8077	801
12091	8091	801
12113	8113	801
12129	8129	801
12131	8131	801
12133	8133	801
12001	8001	802
12003	8003	802
12007	8007	802
12019	8019	802
12023	8023	802
12029	8029	802
12031	8031	802
12035	8035	802
12041	8041	802
12047	8047	802
12067	8067	802
12075	8075	802
12079	8079	802
12089	8089	802
12107	8107	802
12109	8109	802
12121	8121	802
12123	8123	802
12125	8125	802
12017	8017	803
12053	8053	803
12069	8069	803
12083	8083	803
12095	8095	803
12101	8101	803
12117	8117	803
12119	8119	803
12127	8127	803
12009	8009	804
12027	8027	804
12049	8049	804
12055	8055	804
12057	8057	804
12061	8061	804
12081	8081	804
12093	8093	804
12097	8097	804
12103	8103	804
12105	8105	804
12111	8111	804
12115	8115	804
12011	8011	805
12015	8015	805
12021	8021	805
12043	8043	805
12051	8051	805
12071	8071	805
12085	8085	805
12086	8086	805
12087	8087	805
12099	8099	805
13015	9015	901
13047	9047	901
13055	9055	901
13083	9083	901
13115	9115	901
13129	9129	901
13213	9213	901
13223	9223	901
13233	9233	901
13295	9295	901
13313	9313	901
13013	9013	902
13057	9057	902
13059	9059	902
13067	9067	902
13085	9085	902
13089	9089	902
13111	9111	902
13117	9117	902
13121	9121	902
13123	9123	902
13135	9135	902
13139	9139	902
13157	9157	902
13187	9187	902
13219	9219	902
13227	9227	902
13281	9281	902
13291	9291	902
13297	9297	902
13311	9311	902
13011	9011	903
13105	9105	903
13119	9119	903
13137	9137	903
13147	9147	903
13181	9181	903
13195	9195	903
13221	9221	903
13241	9241	903
13257	9257	903
13317	9317	903
13045	9045	904
13053	9053	904
13063	9063	904
13077	9077	904
13097	9097	904
13113	9113	904
13143	9143	904
13145	9145	904
13149	9149	904
13151	9151	904
13171	9171	904
13193	9193	904
13197	9197	904
13199	9199	904
13215	9215	904
13231	9231	904
13249	9249	904
13255	9255	904
13263	9263	904
13269	9269	904
13285	9285	904
13293	9293	904
13009	9009	905
13021	9021	905
13023	9023	905
13035	9035	905
13079	9079	905
13091	9091	905
13133	9133	905
13141	9141	905
13153	9153	905
13159	9159	905
13167	9167	905
13169	9169	905
13175	9175	905
13207	9207	905
13209	9209	905
13211	9211	905
13217	9217	905
13225	9225	905
13235	9235	905
13237	9237	905
13247	9247	905
13265	9265	905
13283	9283	905
13289	9289	905
13303	9303	905
13309	9309	905
13319	9319	905
13031	9031	906
13033	9033	906
13043	9043	906
13073	9073	906
13103	9103	906
13107	9107	906
13125	9125	906
13163	9163	906
13165	9165	906
13189	9189	906
13245	9245	906
13251	9251	906
13301	9301	906
13007	9007	907
13037	9037	907
13061	9061	907
13087	9087	907
13095	9095	907
13099	9099	907
13131	9131	907
13177	9177	907
13201	9201	907
13205	9205	907
13239	9239	907
13243	9243	907
13253	9253	907
13259	9259	907
13261	9261	907
13273	9273	907
13275	9275	907
13307	9307	907
13003	9003	908
13017	9017	908
13019	9019	908
13027	9027	908
13065	9065	908
13069	9069	908
13071	9071	908
13075	9075	908
13081	9081	908
13093	9093	908
13101	9101	908
13155	9155	908
13161	9161	908
13173	9173	908
13185	9185	908
13271	9271	908
13277	9277	908
13287	9287	908
13315	9315	908
13321	9321	908
13001	9001	909
13005	9005	909
13025	9025	909
13029	9029	909
13039	9039	909
13049	9049	909
13051	9051	909
13109	9109	909
13127	9127	909
13179	9179	909
13183	9183	909
13191	9191	909
13229	9229	909
13267	9267	909
13279	9279	909
13299	9299	909
13305	9305	909
16009	10009	1001
16017	10017	1001
16021	10021	1001
16055	10055	1001
16057	10057	1002
16061	10061	1002
16069	10069	1003
16003	10003	1004
16015	10015	1004
16025	10025	1004
16035	10035	1004
16037	10037	1004
16039	10039	1004
16049	10049	1004
16079	10079	1004
16085	10085	1004
16001	10001	1005
16027	10027	1005
16045	10045	1005
16075	10075	1005
16087	10087	1005
16073	10073	1006
16083	10083	1006
16013	10013	1007
16047	10047	1007
16053	10053	1007
16063	10063	1007
16067	10067	1007
16059	10059	1008
16011	10011	1009
16023	10023	1009
16033	10033	1009
16051	10051	1009
16077	10077	1009
16005	10005	1010
16007	10007	1010
16019	10019	1010
16029	10029	1010
16031	10031	1010
16041	10041	1010
16043	10043	1010
16065	10065	1010
16071	10071	1010
16081	10081	1010
17011	11011	1101
17015	11015	1101
17073	11073	1101
17085	11085	1101
17103	11103	1101
17131	11131	1101
17141	11141	1101
17155	11155	1101
17161	11161	1101
17177	11177	1101
17195	11195	1101
17201	11201	1101
17007	11007	1102
17031	11031	1102
17037	11037	1102
17043	11043	1102
17063	11063	1102
17089	11089	1102
17093	11093	1102
17097	11097	1102
17099	11099	1102
17111	11111	1102
17197	11197	1102
17001	11001	1103
17009	11009	1103
17057	11057	1103
17067	11067	1103
17071	11071	1103
17095	11095	1103
17109	11109	1103
17169	11169	1103
17187	11187	1103
17039	11039	1104
17107	11107	1104
17113	11113	1104
17115	11115	1104
17123	11123	1104
17125	11125	1104
17129	11129	1104
17143	11143	1104
17175	11175	1104
17179	11179	1104
17203	11203	1104
17019	11019	1105
17053	11053	1105
17075	11075	1105
17091	11091	1105
17105	11105	1105
17147	11147	1105
17183	11183	1105
17005	11005	1106
17013	11013	1106
17017	11017	1106
17021	11021	1106
17061	11061	1106
17083	11083	1106
17117	11117	1106
17119	11119	1106
17135	11135	1106
17137	11137	1106
17149	11149	1106
17167	11167	1106
17171	11171	1106
17023	11023	1107
17025	11025	1107
17029	11029	1107
17033	11033	1107
17035	11035	1107
17041	11041	1107
17045	11045	1107
17049	11049	1107
17051	11051	1107
17079	11079	1107
17101	11101	1107
17121	11121	1107
17139	11139	1107
17159	11159	1107
17173	11173	1107
17003	11003	1108
17027	11027	1108
17077	11077	1108
17087	11087	1108
17133	11133	1108
17145	11145	1108
17153	11153	1108
17157	11157	1108
17163	11163	1108
17181	11181	1108
17189	11189	1108
17047	11047	1109
17055	11055	1109
17059	11059	1109
17065	11065	1109
17069	11069	1109
17081	11081	1109
17127	11127	1109
17151	11151	1109
17165	11165	1109
17185	11185	1109
17191	11191	1109
17193	11193	1109
17199	11199	1109
18007	12007	1201
18073	12073	1201
18089	12089	1201
18091	12091	1201
18111	12111	1201
18127	12127	1201
18131	12131	1201
18149	12149	1201
18181	12181	1201
18015	12015	1202
18017	12017	1202
18039	12039	1202
18049	12049	1202
18085	12085	1202
18099	12099	1202
18103	12103	1202
18141	12141	1202
18169	12169	1202
18001	12001	1203
18003	12003	1203
18033	12033	1203
18069	12069	1203
18087	12087	1203
18113	12113	1203
18151	12151	1203
18179	12179	1203
18183	12183	1203
18021	12021	1204
18045	12045	1204
18107	12107	1204
18119	12119	1204
18121	12121	1204
18133	12133	1204
18157	12157	1204
18165	12165	1204
18167	12167	1204
18171	12171	1204
18005	12005	1205
18011	12011	1205
18023	12023	1205
18031	12031	1205
18053	12053	1205
18057	12057	1205
18059	12059	1205
18063	12063	1205
18067	12067	1205
18081	12081	1205
18095	12095	1205
18097	12097	1205
18109	12109	1205
18139	12139	1205
18145	12145	1205
18159	12159	1205
18009	12009	1206
18035	12035	1206
18041	12041	1206
18065	12065	1206
18075	12075	1206
18135	12135	1206
18161	12161	1206
18177	12177	1206
18027	12027	1207
18037	12037	1207
18051	12051	1207
18055	12055	1207
18083	12083	1207
18101	12101	1207
18125	12125	1207
18129	12129	1207
18147	12147	1207
18153	12153	1207
18163	12163	1207
18173	12173	1207
18013	12013	1208
18025	12025	1208
18043	12043	1208
18061	12061	1208
18071	12071	1208
18093	12093	1208
18105	12105	1208
18117	12117	1208
18123	12123	1208
18175	12175	1208
18019	12019	1209
18029	12029	1209
18047	12047	1209
18077	12077	1209
18079	12079	1209
18115	12115	1209
18137	12137	1209
18143	12143	1209
18155	12155	1209
19021	13021	1301
19035	13035	1301
19041	13041	1301
19059	13059	1301
19063	13063	1301
19119	13119	1301
19141	13141	1301
19143	13143	1301
19147	13147	1301
19149	13149	1301
19151	13151	1301
19167	13167	1301
19023	13023	1302
19033	13033	1302
19067	13067	1302
19069	13069	1302
19081	13081	1302
19091	13091	1302
19109	13109	1302
19131	13131	1302
19189	13189	1302
19195	13195	1302
19197	13197	1302
19005	13005	1303
19013	13013	1303
19017	13017	1303
19019	13019	1303
19037	13037	1303
19043	13043	1303
19055	13055	1303
19061	13061	1303
19065	13065	1303
19089	13089	1303
19191	13191	1303
19009	13009	1304
19025	13025	1304
19027	13027	1304
19047	13047	1304
19073	13073	1304
19077	13077	1304
19085	13085	1304
19093	13093	1304
19133	13133	1304
19161	13161	1304
19165	13165	1304
19193	13193	1304
19015	13015	1305
19049	13049	1305
19075	13075	1305
19079	13079	1305
19083	13083	1305
19099	13099	1305
19127	13127	1305
19153	13153	1305
19157	13157	1305
19169	13169	1305
19171	13171	1305
19187	13187	1305
19011	13011	1306
19031	13031	1306
19045	13045	1306
19095	13095	1306
19097	13097	1306
19103	13103	1306
19105	13105	1306
19113	13113	1306
19139	13139	1306
19163	13163	1306
19001	13001	1307
19003	13003	1307
19029	13029	1307
19071	13071	1307
19129	13129	1307
19137	13137	1307
19145	13145	1307
19155	13155	1307
19173	13173	1307
19007	13007	1308
19039	13039	1308
19053	13053	1308
19117	13117	1308
19121	13121	1308
19125	13125	1308
19135	13135	1308
19159	13159	1308
19175	13175	1308
19181	13181	1308
19185	13185	1308
19051	13051	1309
19057	13057	1309
19087	13087	1309
19101	13101	1309
19107	13107	1309
19111	13111	1309
19115	13115	1309
19123	13123	1309
19177	13177	1309
19179	13179	1309
19183	13183	1309
20023	14023	1401
20039	14039	1401
20065	14065	1401
20137	14137	1401
20153	14153	1401
20179	14179	1401
20181	14181	1401
20193	14193	1401
20027	14027	1402
20029	14029	1402
20089	14089	1402
20123	14123	1402
20141	14141	1402
20143	14143	1402
20147	14147	1402
20157	14157	1402
20163	14163	1402
20183	14183	1402
20201	14201	1402
20005	14005	1403
20013	14013	1403
20043	14043	1403
20085	14085	1403
20087	14087	1403
20103	14103	1403
20117	14117	1403
20131	14131	1403
20149	14149	1403
20161	14161	1403
20209	14209	1403
20063	14063	1404
20071	14071	1404
20101	14101	1404
20109	14109	1404
20135	14135	1404
20171	14171	1404
20195	14195	1404
20199	14199	1404
20203	14203	1404
20009	14009	1405
20041	14041	1405
20051	14051	1405
20053	14053	1405
20105	14105	1405
20113	14113	1405
20115	14115	1405
20159	14159	1405
20165	14165	1405
20167	14167	1405
20169	14169	1405
20003	14003	1406
20017	14017	1406
20031	14031	1406
20045	14045	1406
20059	14059	1406
20061	14061	1406
20091	14091	1406
20107	14107	1406
20111	14111	1406
20121	14121	1406
20127	14127	1406
20139	14139	1406
20177	14177	1406
20197	14197	1406
20025	14025	1407
20055	14055	1407
20057	14057	1407
20067	14067	1407
20069	14069	1407
20075	14075	1407
20081	14081	1407
20083	14083	1407
20093	14093	1407
20119	14119	1407
20129	14129	1407
20175	14175	1407
20187	14187	1407
20189	14189	1407
20007	14007	1408
20033	14033	1408
20047	14047	1408
20077	14077	1408
20079	14079	1408
20095	14095	1408
20097	14097	1408
20145	14145	1408
20151	14151	1408
20155	14155	1408
20173	14173	1408
20185	14185	1408
20191	14191	1408
20001	14001	1409
20011	14011	1409
20015	14015	1409
20019	14019	1409
20021	14021	1409
20035	14035	1409
20037	14037	1409
20049	14049	1409
20073	14073	1409
20099	14099	1409
20125	14125	1409
20133	14133	1409
20205	14205	1409
20207	14207	1409
21007	15007	1501
21033	15033	1501
21035	15035	1501
21039	15039	1501
21047	15047	1501
21055	15055	1501
21059	15059	1501
21075	15075	1501
21083	15083	1501
21091	15091	1501
21101	15101	1501
21105	15105	1501
21107	15107	1501
21139	15139	1501
21141	15141	1501
21143	15143	1501
21145	15145	1501
21149	15149	1501
21157	15157	1501
21177	15177	1501
21183	15183	1501
21213	15213	1501
21219	15219	1501
21221	15221	1501
21225	15225	1501
21233	15233	1501
21001	15001	1502
21003	15003	1502
21009	15009	1502
21027	15027	1502
21029	15029	1502
21031	15031	1502
21045	15045	1502
21053	15053	1502
21057	15057	1502
21061	15061	1502
21085	15085	1502
21087	15087	1502
21093	15093	1502
21099	15099	1502
21111	15111	1502
21123	15123	1502
21155	15155	1502
21163	15163	1502
21169	15169	1502
21171	15171	1502
21179	15179	1502
21207	15207	1502
21217	15217	1502
21227	15227	1502
21005	15005	1503
21011	15011	1503
21015	15015	1503
21017	15017	1503
21021	15021	1503
21023	15023	1503
21037	15037	1503
21041	15041	1503
21049	15049	1503
21067	15067	1503
21069	15069	1503
21073	15073	1503
21077	15077	1503
21079	15079	1503
21081	15081	1503
21097	15097	1503
21103	15103	1503
21113	15113	1503
21117	15117	1503
21137	15137	1503
21151	15151	1503
21161	15161	1503
21167	15167	1503
21173	15173	1503
21181	15181	1503
21185	15185	1503
21187	15187	1503
21191	15191	1503
21201	15201	1503
21209	15209	1503
21211	15211	1503
21215	15215	1503
21223	15223	1503
21229	15229	1503
21239	15239	1503
21013	15013	1504
21019	15019	1504
21025	15025	1504
21043	15043	1504
21051	15051	1504
21063	15063	1504
21065	15065	1504
21071	15071	1504
21089	15089	1504
21095	15095	1504
21109	15109	1504
21115	15115	1504
21119	15119	1504
21121	15121	1504
21125	15125	1504
21127	15127	1504
21129	15129	1504
21131	15131	1504
21133	15133	1504
21135	15135	1504
21147	15147	1504
21153	15153	1504
21159	15159	1504
21165	15165	1504
21175	15175	1504
21189	15189	1504
21193	15193	1504
21195	15195	1504
21197	15197	1504
21199	15199	1504
21203	15203	1504
21205	15205	1504
21231	15231	1504
21235	15235	1504
21237	15237	1504
22015	16015	1601
22017	16017	1601
22031	16031	1601
22081	16081	1601
22119	16119	1601
22013	16013	1602
22021	16021	1602
22027	16027	1602
22049	16049	1602
22061	16061	1602
22073	16073	1602
22111	16111	1602
22127	16127	1602
22035	16035	1603
22041	16041	1603
22065	16065	1603
22067	16067	1603
22083	16083	1603
22107	16107	1603
22123	16123	1603
22069	16069	1604
22085	16085	1604
22115	16115	1604
22009	16009	1605
22025	16025	1605
22029	16029	1605
22039	16039	1605
22043	16043	1605
22059	16059	1605
22079	16079	1605
22097	16097	1605
22033	16033	1606
22037	16037	1606
22063	16063	1606
22077	16077	1606
22091	16091	1606
22103	16103	1606
22105	16105	1606
22117	16117	1606
22121	16121	1606
22125	16125	1606
22001	16001	1607
22003	16003	1607
22011	16011	1607
22019	16019	1607
22023	16023	1607
22053	16053	1607
22113	16113	1607
22007	16007	1608
22045	16045	1608
22047	16047	1608
22055	16055	1608
22099	16099	1608
22101	16101	1608
22005	16005	1609
22051	16051	1609
22057	16057	1609
22071	16071	1609
22075	16075	1609
22089	16089	1609
22093	16093	1609
22095	16095	1609
22109	16109	1609
23003	17003	1701
23007	17007	1701
23017	17017	1701
23021	17021	1701
23025	17025	1701
23001	17001	1702
23005	17005	1702
23009	17009	1702
23011	17011	1702
23019	17019	1702
23027	17027	1702
23029	17029	1702
23013	17013	1703
23015	17015	1703
23023	17023	1703
23031	17031	1703
24039	18039	1801
24045	18045	1801
24047	18047	1801
24011	18011	1802
24019	18019	1802
24041	18041	1802
24009	18009	1803
24017	18017	1803
24037	18037	1803
11001	18001	1804
24003	18003	1804
24033	18033	1804
24029	18029	1805
24035	18035	1805
24005	18005	1806
24013	18013	1806
24015	18015	1806
24021	18021	1806
24025	18025	1806
24027	18027	1806
24031	18031	1806
24510	18510	1806
24001	18001	1807
24043	18043	1807
24023	18023	1808
25003	19003	1901
25011	19011	1902
25013	19013	1902
25015	19015	1902
25017	19017	1902
25021	19021	1902
25027	19027	1902
44001	19001	1903
25005	19005	1903
25007	19007	1903
25009	19009	1903
25019	19019	1903
25023	19023	1903
25025	19025	1903
26013	20013	2001
26043	20043	2001
26053	20053	2001
26061	20061	2001
26071	20071	2001
26103	20103	2001
26109	20109	2001
26131	20131	2001
26003	20003	2002
26033	20033	2002
26041	20041	2002
26095	20095	2002
26097	20097	2002
26153	20153	2002
26009	20009	2003
26019	20019	2003
26029	20029	2003
26047	20047	2003
26055	20055	2003
26079	20079	2003
26089	20089	2003
26101	20101	2003
26113	20113	2003
26165	20165	2003
26001	20001	2004
26007	20007	2004
26031	20031	2004
26039	20039	2004
26069	20069	2004
26119	20119	2004
26129	20129	2004
26135	20135	2004
26137	20137	2004
26141	20141	2004
26143	20143	2004
26085	20085	2005
26105	20105	2005
26121	20121	2005
26123	20123	2005
26127	20127	2005
26035	20035	2006
26051	20051	2006
26057	20057	2006
26073	20073	2006
26107	20107	2006
26111	20111	2006
26117	20117	2006
26133	20133	2006
26011	20011	2007
26017	20017	2007
26063	20063	2007
26145	20145	2007
26151	20151	2007
26157	20157	2007
26005	20005	2008
26021	20021	2008
26027	20027	2008
26077	20077	2008
26081	20081	2008
26139	20139	2008
26159	20159	2008
26015	20015	2009
26023	20023	2009
26025	20025	2009
26037	20037	2009
26045	20045	2009
26059	20059	2009
26065	20065	2009
26067	20067	2009
26075	20075	2009
26149	20149	2009
26155	20155	2009
26049	20049	2010
26087	20087	2010
26091	20091	2010
26093	20093	2010
26099	20099	2010
26115	20115	2010
26125	20125	2010
26147	20147	2010
26161	20161	2010
26163	20163	2010
27005	21005	2101
27027	21027	2101
27029	21029	2101
27069	21069	2101
27087	21087	2101
27089	21089	2101
27107	21107	2101
27113	21113	2101
27119	21119	2101
27125	21125	2101
27135	21135	2101
27007	21007	2102
27021	21021	2102
27057	21057	2102
27061	21061	2102
27071	21071	2102
27077	21077	2102
27031	21031	2103
27075	21075	2103
27137	21137	2103
27011	21011	2104
27023	21023	2104
27041	21041	2104
27051	21051	2104
27073	21073	2104
27111	21111	2104
27121	21121	2104
27149	21149	2104
27151	21151	2104
27155	21155	2104
27167	21167	2104
27173	21173	2104
27009	21009	2105
27019	21019	2105
27067	21067	2105
27085	21085	2105
27093	21093	2105
27097	21097	2105
27129	21129	2105
27139	21139	2105
27141	21141	2105
27143	21143	2105
27145	21145	2105
27153	21153	2105
27159	21159	2105
27171	21171	2105
27001	21001	2106
27003	21003	2106
27017	21017	2106
27025	21025	2106
27035	21035	2106
27053	21053	2106
27059	21059	2106
27065	21065	2106
27095	21095	2106
27115	21115	2106
27123	21123	2106
27163	21163	2106
27033	21033	2107
27063	21063	2107
27081	21081	2107
27083	21083	2107
27101	21101	2107
27105	21105	2107
27117	21117	2107
27127	21127	2107
27133	21133	2107
27013	21013	2108
27015	21015	2108
27043	21043	2108
27047	21047	2108
27079	21079	2108
27091	21091	2108
27103	21103	2108
27131	21131	2108
27147	21147	2108
27161	21161	2108
27165	21165	2108
27037	21037	2109
27039	21039	2109
27045	21045	2109
27049	21049	2109
27055	21055	2109
27099	21099	2109
27109	21109	2109
27157	21157	2109
27169	21169	2109
28011	22011	2201
28027	22027	2201
28119	22119	2201
28135	22135	2201
28143	22143	2201
28009	22009	2202
28013	22013	2202
28033	22033	2202
28043	22043	2202
28071	22071	2202
28093	22093	2202
28107	22107	2202
28137	22137	2202
28161	22161	2202
28003	22003	2203
28057	22057	2203
28081	22081	2203
28115	22115	2203
28117	22117	2203
28139	22139	2203
28141	22141	2203
28145	22145	2203
28053	22053	2204
28055	22055	2204
28083	22083	2204
28125	22125	2204
28133	22133	2204
28151	22151	2204
28163	22163	2204
28007	22007	2205
28015	22015	2205
28019	22019	2205
28051	22051	2205
28079	22079	2205
28089	22089	2205
28097	22097	2205
28121	22121	2205
28123	22123	2205
28155	22155	2205
28017	22017	2206
28025	22025	2206
28069	22069	2206
28087	22087	2206
28095	22095	2206
28099	22099	2206
28103	22103	2206
28105	22105	2206
28159	22159	2206
28001	22001	2207
28005	22005	2207
28021	22021	2207
28029	22029	2207
28037	22037	2207
28049	22049	2207
28063	22063	2207
28085	22085	2207
28149	22149	2207
28157	22157	2207
28031	22031	2208
28065	22065	2208
28073	22073	2208
28077	22077	2208
28091	22091	2208
28113	22113	2208
28127	22127	2208
28129	22129	2208
28147	22147	2208
28023	22023	2209
28035	22035	2209
28041	22041	2209
28061	22061	2209
28067	22067	2209
28075	22075	2209
28101	22101	2209
28111	22111	2209
28153	22153	2209
28039	22039	2210
28045	22045	2210
28047	22047	2210
28059	22059	2210
28109	22109	2210
28131	22131	2210
29003	23003	2301
29005	23005	2301
29021	23021	2301
29025	23025	2301
29033	23033	2301
29041	23041	2301
29047	23047	2301
29049	23049	2301
29061	23061	2301
29063	23063	2301
29075	23075	2301
29079	23079	2301
29081	23081	2301
29087	23087	2301
29089	23089	2301
29095	23095	2301
29107	23107	2301
29115	23115	2301
29117	23117	2301
29129	23129	2301
29147	23147	2301
29165	23165	2301
29171	23171	2301
29177	23177	2301
29195	23195	2301
29211	23211	2301
29227	23227	2301
29001	23001	2302
29007	23007	2302
29019	23019	2302
29027	23027	2302
29045	23045	2302
29071	23071	2302
29073	23073	2302
29103	23103	2302
29111	23111	2302
29113	23113	2302
29121	23121	2302
29127	23127	2302
29137	23137	2302
29139	23139	2302
29151	23151	2302
29163	23163	2302
29173	23173	2302
29175	23175	2302
29183	23183	2302
29189	23189	2302
29197	23197	2302
29199	23199	2302
29205	23205	2302
29219	23219	2302
29510	23510	2302
29013	23013	2303
29015	23015	2303
29029	23029	2303
29037	23037	2303
29039	23039	2303
29051	23051	2303
29053	23053	2303
29083	23083	2303
29085	23085	2303
29101	23101	2303
29131	23131	2303
29135	23135	2303
29141	23141	2303
29159	23159	2303
29185	23185	2303
29217	23217	2303
29009	23009	2304
29011	23011	2304
29043	23043	2304
29057	23057	2304
29059	23059	2304
29067	23067	2304
29077	23077	2304
29097	23097	2304
29105	23105	2304
29109	23109	2304
29119	23119	2304
29145	23145	2304
29153	23153	2304
29167	23167	2304
29209	23209	2304
29213	23213	2304
29225	23225	2304
29229	23229	2304
29017	23017	2305
29031	23031	2305
29035	23035	2305
29055	23055	2305
29065	23065	2305
29091	23091	2305
29093	23093	2305
29099	23099	2305
29123	23123	2305
29125	23125	2305
29149	23149	2305
29157	23157	2305
29161	23161	2305
29169	23169	2305
29179	23179	2305
29181	23181	2305
29186	23186	2305
29187	23187	2305
29203	23203	2305
29215	23215	2305
29221	23221	2305
29223	23223	2305
29023	23023	2306
29069	23069	2306
29133	23133	2306
29143	23143	2306
29155	23155	2306
29201	23201	2306
29207	23207	2306
30023	24023	2401
30029	24029	2401
30039	24039	2401
30047	24047	2401
30053	24053	2401
30061	24061	2401
30063	24063	2401
30077	24077	2401
30081	24081	2401
30089	24089	2401
30001	24001	2402
30031	24031	2402
30043	24043	2402
30057	24057	2402
30093	24093	2402
30005	24005	2403
30015	24015	2403
30035	24035	2403
30041	24041	2403
30051	24051	2403
30071	24071	2403
30073	24073	2403
30099	24099	2403
30101	24101	2403
30007	24007	2404
30013	24013	2404
30027	24027	2404
30037	24037	2404
30045	24045	2404
30049	24049	2404
30059	24059	2404
30065	24065	2404
30069	24069	2404
30107	24107	2404
30003	24003	2405
30009	24009	2405
30067	24067	2405
30095	24095	2405
30097	24097	2405
30103	24103	2405
30111	24111	2405
30019	24019	2406
30021	24021	2406
30033	24033	2406
30055	24055	2406
30083	24083	2406
30085	24085	2406
30091	24091	2406
30105	24105	2406
30011	24011	2407
30017	24017	2407
30025	24025	2407
30075	24075	2407
30079	24079	2407
30087	24087	2407
30109	24109	2407
31007	25007	2501
31013	25013	2501
31033	25033	2501
31045	25045	2501
31049	25049	2501
31069	25069	2501
31105	25105	2501
31123	25123	2501
31157	25157	2501
31161	25161	2501
31165	25165	2501
31005	25005	2502
31009	25009	2502
31015	25015	2502
31017	25017	2502
31031	25031	2502
31071	25071	2502
31075	25075	2502
31089	25089	2502
31091	25091	2502
31103	25103	2502
31113	25113	2502
31115	25115	2502
31117	25117	2502
31149	25149	2502
31171	25171	2502
31183	25183	2502
31003	25003	2503
31011	25011	2503
31021	25021	2503
31027	25027	2503
31039	25039	2503
31043	25043	2503
31051	25051	2503
31107	25107	2503
31119	25119	2503
31139	25139	2503
31167	25167	2503
31173	25173	2503
31179	25179	2503
31019	25019	2505
31041	25041	2505
31047	25047	2505
31077	25077	2505
31079	25079	2505
31093	25093	2505
31163	25163	2505
31175	25175	2505
31023	25023	2506
31025	25025	2506
31037	25037	2506
31053	25053	2506
31055	25055	2506
31081	25081	2506
31109	25109	2506
31121	25121	2506
31125	25125	2506
31141	25141	2506
31143	25143	2506
31153	25153	2506
31155	25155	2506
31159	25159	2506
31177	25177	2506
31185	25185	2506
31029	25029	2507
31057	25057	2507
31063	25063	2507
31085	25085	2507
31087	25087	2507
31101	25101	2507
31111	25111	2507
31135	25135	2507
31145	25145	2507
31001	25001	2508
31061	25061	2508
31065	25065	2508
31073	25073	2508
31083	25083	2508
31099	25099	2508
31137	25137	2508
31181	25181	2508
31035	25035	2509
31059	25059	2509
31067	25067	2509
31095	25095	2509
31097	25097	2509
31127	25127	2509
31129	25129	2509
31131	25131	2509
31133	25133	2509
31147	25147	2509
31151	25151	2509
31169	25169	2509
32001	26001	2601
32005	26005	2601
32013	26013	2601
32019	26019	2601
32027	26027	2601
32029	26029	2601
32031	26031	2601
32510	26510	2601
32007	26007	2602
32011	26011	2602
32015	26015	2602
32033	26033	2602
32009	26009	2603
32017	26017	2603
32021	26021	2603
32023	26023	2603
32003	26003	2604
33007	27007	2701
33009	27009	2701
33001	27001	2702
33003	27003	2702
33005	27005	2702
33011	27011	2702
33013	27013	2702
33015	27015	2702
33017	27017	2702
33019	27019	2702
34003	28003	2801
34013	28013	2801
34017	28017	2801
34019	28019	2801
34027	28027	2801
34031	28031	2801
34035	28035	2801
34037	28037	2801
34039	28039	2801
34041	28041	2801
34001	28001	2802
34005	28005	2802
34007	28007	2802
34011	28011	2802
34015	28015	2802
34021	28021	2802
34023	28023	2802
34025	28025	2802
34029	28029	2802
34033	28033	2802
34009	28009	2803
35031	29031	2901
35045	29045	2901
35007	29007	2902
35028	29028	2902
35033	29033	2902
35039	29039	2902
35043	29043	2902
35047	29047	2902
35049	29049	2902
35055	29055	2902
35009	29009	2903
35021	29021	2903
35037	29037	2903
35041	29041	2903
35059	29059	2903
35003	29003	2904
35006	29006	2904
35001	29001	2905
35053	29053	2905
35061	29061	2905
35027	29027	2906
35035	29035	2906
35057	29057	2906
35005	29005	2907
35011	29011	2907
35015	29015	2907
35019	29019	2907
35025	29025	2907
35013	29013	2908
35017	29017	2908
35023	29023	2908
35029	29029	2908
35051	29051	2908
36003	30003	3001
36009	30009	3001
36015	30015	3001
36101	30101	3001
36007	30007	3002
36017	30017	3002
36023	30023	3002
36025	30025	3002
36039	30039	3002
36053	30053	3002
36077	30077	3002
36093	30093	3002
36095	30095	3002
36105	30105	3002
36107	30107	3002
36111	30111	3002
36041	30041	3003
36043	30043	3003
36049	30049	3003
36113	30113	3003
36047	30047	3004
36059	30059	3004
36081	30081	3004
36085	30085	3004
36103	30103	3004
36001	30001	3005
36005	30005	3005
36021	30021	3005
36027	30027	3005
36061	30061	3005
36071	30071	3005
36079	30079	3005
36083	30083	3005
36087	30087	3005
36091	30091	3005
36115	30115	3005
36119	30119	3005
36035	30035	3006
36057	30057	3006
36065	30065	3006
36019	30019	3007
36031	30031	3007
36033	30033	3008
36089	30089	3008
36013	30013	3009
36029	30029	3009
36037	30037	3009
36045	30045	3009
36055	30055	3009
36063	30063	3009
36073	30073	3009
36075	30075	3009
36117	30117	3009
36011	30011	3010
36051	30051	3010
36067	30067	3010
36069	30069	3010
36097	30097	3010
36099	30099	3010
36109	30109	3010
36121	30121	3010
36123	30123	3010
37021	31021	3101
37023	31023	3101
37039	31039	3101
37043	31043	3101
37075	31075	3101
37087	31087	3101
37089	31089	3101
37099	31099	3101
37111	31111	3101
37113	31113	3101
37115	31115	3101
37121	31121	3101
37149	31149	3101
37161	31161	3101
37173	31173	3101
37175	31175	3101
37199	31199	3101
37005	31005	3102
37009	31009	3102
37011	31011	3102
37027	31027	3102
37171	31171	3102
37189	31189	3102
37193	31193	3102
37197	31197	3102
37001	31001	3103
37033	31033	3103
37063	31063	3103
37067	31067	3103
37069	31069	3103
37077	31077	3103
37081	31081	3103
37135	31135	3103
37145	31145	3103
37157	31157	3103
37169	31169	3103
37181	31181	3103
37185	31185	3103
37003	31003	3104
37035	31035	3104
37037	31037	3104
37057	31057	3104
37059	31059	3104
37097	31097	3104
37105	31105	3104
37151	31151	3104
37159	31159	3104
37183	31183	3104
37007	31007	3105
37025	31025	3105
37045	31045	3105
37071	31071	3105
37109	31109	3105
37119	31119	3105
37123	31123	3105
37125	31125	3105
37153	31153	3105
37167	31167	3105
37179	31179	3105
37017	31017	3106
37019	31019	3106
37047	31047	3106
37051	31051	3106
37061	31061	3106
37085	31085	3106
37093	31093	3106
37129	31129	3106
37133	31133	3106
37141	31141	3106
37155	31155	3106
37163	31163	3106
37165	31165	3106
37013	31013	3107
37031	31031	3107
37049	31049	3107
37079	31079	3107
37095	31095	3107
37101	31101	3107
37103	31103	3107
37107	31107	3107
37137	31137	3107
37147	31147	3107
37191	31191	3107
37195	31195	3107
37015	31015	3108
37029	31029	3108
37041	31041	3108
37053	31053	3108
37055	31055	3108
37065	31065	3108
37073	31073	3108
37083	31083	3108
37091	31091	3108
37117	31117	3108
37127	31127	3108
37131	31131	3108
37139	31139	3108
37143	31143	3108
37177	31177	3108
37187	31187	3108
38013	32013	3201
38023	32023	3201
38061	32061	3201
38075	32075	3201
38101	32101	3201
38105	32105	3201
38005	32005	3202
38009	32009	3202
38049	32049	3202
38069	32069	3202
38079	32079	3202
38019	32019	3203
38035	32035	3203
38063	32063	3203
38067	32067	3203
38071	32071	3203
38095	32095	3203
38099	32099	3203
38025	32025	3204
38053	32053	3204
38055	32055	3204
38057	32057	3204
38065	32065	3204
38027	32027	3205
38031	32031	3205
38043	32043	3205
38083	32083	3205
38093	32093	3205
38103	32103	3205
38003	32003	3206
38017	32017	3206
38039	32039	3206
38091	32091	3206
38097	32097	3206
38001	32001	3207
38007	32007	3207
38011	32011	3207
38033	32033	3207
38041	32041	3207
38087	32087	3207
38089	32089	3207
38015	32015	3208
38029	32029	3208
38037	32037	3208
38059	32059	3208
38085	32085	3208
38021	32021	3209
38045	32045	3209
38047	32047	3209
38051	32051	3209
38073	32073	3209
38077	32077	3209
38081	32081	3209
39003	33003	3301
39039	33039	3301
39051	33051	3301
39063	33063	3301
39069	33069	3301
39095	33095	3301
39125	33125	3301
39137	33137	3301
39161	33161	3301
39171	33171	3301
39173	33173	3301
39033	33033	3302
39043	33043	3302
39077	33077	3302
39093	33093	3302
39123	33123	3302
39143	33143	3302
39147	33147	3302
39175	33175	3302
39007	33007	3303
39035	33035	3303
39055	33055	3303
39085	33085	3303
39103	33103	3303
39133	33133	3303
39153	33153	3303
39155	33155	3303
39011	33011	3304
39021	33021	3304
39023	33023	3304
39037	33037	3304
39065	33065	3304
39091	33091	3304
39107	33107	3304
39109	33109	3304
39149	33149	3304
39041	33041	3305
39045	33045	3305
39047	33047	3305
39049	33049	3305
39089	33089	3305
39097	33097	3305
39101	33101	3305
39117	33117	3305
39129	33129	3305
39159	33159	3305
39005	33005	3306
39031	33031	3306
39075	33075	3306
39083	33083	3306
39139	33139	3306
39169	33169	3306
39019	33019	3307
39029	33029	3307
39067	33067	3307
39081	33081	3307
39099	33099	3307
39151	33151	3307
39157	33157	3307
39015	33015	3308
39017	33017	3308
39025	33025	3308
39027	33027	3308
39057	33057	3308
39061	33061	3308
39071	33071	3308
39113	33113	3308
39135	33135	3308
39165	33165	3308
39001	33001	3309
39053	33053	3309
39079	33079	3309
39087	33087	3309
39105	33105	3309
39131	33131	3309
39141	33141	3309
39145	33145	3309
39009	33009	3310
39013	33013	3310
39059	33059	3310
39073	33073	3310
39111	33111	3310
39115	33115	3310
39119	33119	3310
39121	33121	3310
39127	33127	3310
39163	33163	3310
39167	33167	3310
40007	34007	3401
40025	34025	3401
40045	34045	3401
40059	34059	3401
40139	34139	3401
40003	34003	3402
40047	34047	3402
40053	34053	3402
40071	34071	3402
40093	34093	3402
40103	34103	3402
40151	34151	3402
40153	34153	3402
40035	34035	3403
40041	34041	3403
40097	34097	3403
40105	34105	3403
40113	34113	3403
40115	34115	3403
40117	34117	3403
40131	34131	3403
40143	34143	3403
40145	34145	3403
40147	34147	3403
40009	34009	3404
40011	34011	3404
40039	34039	3404
40043	34043	3404
40129	34129	3404
40149	34149	3404
40017	34017	3405
40027	34027	3405
40037	34037	3405
40051	34051	3405
40073	34073	3405
40081	34081	3405
40083	34083	3405
40087	34087	3405
40107	34107	3405
40109	34109	3405
40119	34119	3405
40125	34125	3405
40133	34133	3405
40001	34001	3406
40021	34021	3406
40061	34061	3406
40063	34063	3406
40091	34091	3406
40101	34101	3406
40111	34111	3406
40121	34121	3406
40135	34135	3406
40015	34015	3407
40031	34031	3407
40033	34033	3407
40055	34055	3407
40057	34057	3407
40065	34065	3407
40075	34075	3407
40141	34141	3407
40005	34005	3408
40013	34013	3408
40019	34019	3408
40029	34029	3408
40049	34049	3408
40067	34067	3408
40069	34069	3408
40085	34085	3408
40095	34095	3408
40099	34099	3408
40123	34123	3408
40137	34137	3408
40023	34023	3409
40077	34077	3409
40079	34079	3409
40089	34089	3409
40127	34127	3409
41007	35007	3501
41011	35011	3501
41015	35015	3501
41041	35041	3501
41057	35057	3501
41003	35003	3502
41005	35005	3502
41009	35009	3502
41039	35039	3502
41043	35043	3502
41047	35047	3502
41051	35051	3502
41053	35053	3502
41067	35067	3502
41071	35071	3502
41019	35019	3503
41029	35029	3503
41033	35033	3503
41021	35021	3506
41027	35027	3506
41049	35049	3506
41055	35055	3506
41059	35059	3506
41065	35065	3506
41013	35013	3507
41017	35017	3507
41025	35025	3507
41031	35031	3507
41035	35035	3507
41037	35037	3507
41069	35069	3507
41001	35001	3508
41023	35023	3508
41061	35061	3508
41063	35063	3508
41045	35045	3509
42069	36069	3601
42079	36079	3601
42089	36089	3601
42103	36103	3601
42127	36127	3601
42025	36025	3602
42077	36077	3602
42095	36095	3602
42107	36107	3602
42011	36011	3603
42017	36017	3603
42029	36029	3603
42045	36045	3603
42071	36071	3603
42075	36075	3603
42091	36091	3603
42101	36101	3603
42001	36001	3604
42041	36041	3604
42055	36055	3604
42133	36133	3604
42037	36037	3605
42043	36043	3605
42067	36067	3605
42081	36081	3605
42087	36087	3605
42093	36093	3605
42097	36097	3605
42099	36099	3605
42109	36109	3605
42119	36119	3605
42015	36015	3606
42113	36113	3606
42115	36115	3606
42117	36117	3606
42131	36131	3606
42023	36023	3607
42027	36027	3607
42033	36033	3607
42035	36035	3607
42047	36047	3607
42009	36009	3608
42013	36013	3608
42021	36021	3608
42057	36057	3608
42061	36061	3608
42003	36003	3609
42005	36005	3609
42007	36007	3609
42019	36019	3609
42051	36051	3609
42059	36059	3609
42063	36063	3609
42073	36073	3609
42111	36111	3609
42125	36125	3609
42129	36129	3609
42031	36031	3610
42039	36039	3610
42049	36049	3610
42053	36053	3610
42065	36065	3610
42083	36083	3610
42085	36085	3610
42105	36105	3610
42121	36121	3610
42123	36123	3610
44003	37003	3701
44005	37005	3701
44007	37007	3701
44009	37009	3701
45007	38007	3802
45021	38021	3802
45045	38045	3802
45059	38059	3802
45073	38073	3802
45077	38077	3802
45083	38083	3802
45087	38087	3802
45023	38023	3803
45039	38039	3803
45055	38055	3803
45057	38057	3803
45091	38091	3803
45025	38025	3804
45031	38031	3804
45033	38033	3804
45041	38041	3804
45043	38043	3804
45051	38051	3804
45067	38067	3804
45069	38069	3804
45089	38089	3804
45001	38001	3805
45003	38003	3805
45037	38037	3805
45047	38047	3805
45065	38065	3805
45071	38071	3805
45081	38081	3805
45017	38017	3806
45027	38027	3806
45061	38061	3806
45063	38063	3806
45075	38075	3806
45079	38079	3806
45085	38085	3806
45005	38005	3807
45009	38009	3807
45011	38011	3807
45013	38013	3807
45015	38015	3807
45019	38019	3807
45029	38029	3807
45035	38035	3807
45049	38049	3807
45053	38053	3807
46019	39019	3901
46063	39063	3901
46105	39105	3901
46137	39137	3901
46021	39021	3902
46031	39031	3902
46041	39041	3902
46045	39045	3902
46049	39049	3902
46089	39089	3902
46107	39107	3902
46129	39129	3902
46013	39013	3903
46037	39037	3903
46051	39051	3903
46091	39091	3903
46109	39109	3903
46033	39033	3904
46047	39047	3904
46081	39081	3904
46007	39007	3905
46055	39055	3905
46071	39071	3905
46093	39093	3905
46103	39103	3905
46113	39113	3905
46017	39017	3906
46065	39065	3906
46069	39069	3906
46075	39075	3906
46085	39085	3906
46117	39117	3906
46119	39119	3906
46005	39005	3907
46011	39011	3907
46025	39025	3907
46029	39029	3907
46039	39039	3907
46057	39057	3907
46059	39059	3907
46073	39073	3907
46077	39077	3907
46079	39079	3907
46097	39097	3907
46101	39101	3907
46111	39111	3907
46115	39115	3907
46053	39053	3908
46095	39095	3908
46121	39121	3908
46123	39123	3908
46003	39003	3909
46009	39009	3909
46015	39015	3909
46023	39023	3909
46027	39027	3909
46035	39035	3909
46043	39043	3909
46061	39061	3909
46067	39067	3909
46083	39083	3909
46087	39087	3909
46099	39099	3909
46125	39125	3909
46127	39127	3909
46135	39135	3909
47001	40001	4001
47009	40009	4001
47011	40011	4001
47013	40013	4001
47019	40019	4001
47025	40025	4001
47029	40029	4001
47057	40057	4001
47059	40059	4001
47063	40063	4001
47065	40065	4001
47067	40067	4001
47073	40073	4001
47089	40089	4001
47091	40091	4001
47093	40093	4001
47105	40105	4001
47107	40107	4001
47121	40121	4001
47123	40123	4001
47139	40139	4001
47143	40143	4001
47145	40145	4001
47155	40155	4001
47163	40163	4001
47171	40171	4001
47173	40173	4001
47179	40179	4001
47007	40007	4002
47031	40031	4002
47035	40035	4002
47049	40049	4002
47051	40051	4002
47061	40061	4002
47115	40115	4002
47129	40129	4002
47133	40133	4002
47137	40137	4002
47141	40141	4002
47151	40151	4002
47153	40153	4002
47175	40175	4002
47177	40177	4002
47185	40185	4002
47003	40003	4003
47005	40005	4003
47015	40015	4003
47021	40021	4003
47027	40027	4003
47037	40037	4003
47039	40039	4003
47041	40041	4003
47043	40043	4003
47055	40055	4003
47071	40071	4003
47081	40081	4003
47083	40083	4003
47085	40085	4003
47087	40087	4003
47099	40099	4003
47101	40101	4003
47103	40103	4003
47111	40111	4003
47117	40117	4003
47119	40119	4003
47125	40125	4003
47127	40127	4003
47135	40135	4003
47147	40147	4003
47149	40149	4003
47159	40159	4003
47161	40161	4003
47165	40165	4003
47169	40169	4003
47181	40181	4003
47187	40187	4003
47189	40189	4003
47017	40017	4004
47023	40023	4004
47033	40033	4004
47045	40045	4004
47047	40047	4004
47053	40053	4004
47069	40069	4004
47075	40075	4004
47077	40077	4004
47079	40079	4004
47095	40095	4004
47097	40097	4004
47109	40109	4004
47113	40113	4004
47131	40131	4004
47157	40157	4004
47167	40167	4004
47183	40183	4004
48003	41003	4101
48011	41011	4101
48017	41017	4101
48045	41045	4101
48065	41065	4101
48069	41069	4101
48079	41079	4101
48107	41107	4101
48111	41111	4101
48115	41115	4101
48117	41117	4101
48153	41153	4101
48165	41165	4101
48173	41173	4101
48179	41179	4101
48189	41189	4101
48195	41195	4101
48205	41205	4101
48211	41211	4101
48219	41219	4101
48227	41227	4101
48233	41233	4101
48279	41279	4101
48295	41295	4101
48303	41303	4101
48305	41305	4101
48317	41317	4101
48329	41329	4101
48341	41341	4101
48357	41357	4101
48359	41359	4101
48369	41369	4101
48375	41375	4101
48381	41381	4101
48393	41393	4101
48421	41421	4101
48437	41437	4101
48445	41445	4101
48501	41501	4101
48023	41023	4102
48033	41033	4102
48075	41075	4102
48083	41083	4102
48087	41087	4102
48101	41101	4102
48125	41125	4102
48129	41129	4102
48151	41151	4102
48155	41155	4102
48169	41169	4102
48191	41191	4102
48197	41197	4102
48207	41207	4102
48253	41253	4102
48263	41263	4102
48269	41269	4102
48275	41275	4102
48335	41335	4102
48345	41345	4102
48353	41353	4102
48399	41399	4102
48415	41415	4102
48433	41433	4102
48441	41441	4102
48483	41483	4102
48485	41485	4102
48487	41487	4102
48009	41009	4103
48027	41027	4103
48035	41035	4103
48049	41049	4103
48059	41059	4103
48077	41077	4103
48085	41085	4103
48093	41093	4103
48097	41097	4103
48099	41099	4103
48113	41113	4103
48119	41119	4103
48121	41121	4103
48133	41133	4103
48139	41139	4103
48143	41143	4103
48145	41145	4103
48147	41147	4103
48181	41181	4103
48193	41193	4103
48217	41217	4103
48221	41221	4103
48231	41231	4103
48237	41237	4103
48251	41251	4103
48257	41257	4103
48277	41277	4103
48293	41293	4103
48309	41309	4103
48331	41331	4103
48333	41333	4103
48337	41337	4103
48349	41349	4103
48363	41363	4103
48367	41367	4103
48397	41397	4103
48417	41417	4103
48425	41425	4103
48429	41429	4103
48439	41439	4103
48447	41447	4103
48491	41491	4103
48497	41497	4103
48503	41503	4103
48001	41001	4104
48005	41005	4104
48037	41037	4104
48041	41041	4104
48063	41063	4104
48067	41067	4104
48073	41073	4104
48159	41159	4104
48161	41161	4104
48183	41183	4104
48185	41185	4104
48199	41199	4104
48203	41203	4104
48213	41213	4104
48223	41223	4104
48225	41225	4104
48241	41241	4104
48289	41289	4104
48313	41313	4104
48315	41315	4104
48339	41339	4104
48343	41343	4104
48347	41347	4104
48351	41351	4104
48365	41365	4104
48373	41373	4104
48379	41379	4104
48387	41387	4104
48395	41395	4104
48401	41401	4104
48403	41403	4104
48405	41405	4104
48407	41407	4104
48419	41419	4104
48423	41423	4104
48449	41449	4104
48455	41455	4104
48457	41457	4104
48459	41459	4104
48467	41467	4104
48471	41471	4104
48473	41473	4104
48499	41499	4104
48043	41043	4105
48103	41103	4105
48109	41109	4105
48135	41135	4105
48141	41141	4105
48229	41229	4105
48243	41243	4105
48301	41301	4105
48371	41371	4105
48377	41377	4105
48389	41389	4105
48443	41443	4105
48475	41475	4105
48495	41495	4105
48019	41019	4106
48031	41031	4106
48053	41053	4106
48081	41081	4106
48095	41095	4106
48105	41105	4106
48137	41137	4106
48171	41171	4106
48235	41235	4106
48259	41259	4106
48265	41265	4106
48267	41267	4106
48271	41271	4106
48281	41281	4106
48299	41299	4106
48307	41307	4106
48319	41319	4106
48327	41327	4106
48383	41383	4106
48385	41385	4106
48411	41411	4106
48413	41413	4106
48431	41431	4106
48435	41435	4106
48451	41451	4106
48461	41461	4106
48463	41463	4106
48465	41465	4106
48015	41015	4107
48021	41021	4107
48025	41025	4107
48029	41029	4107
48051	41051	4107
48055	41055	4107
48089	41089	4107
48091	41091	4107
48123	41123	4107
48149	41149	4107
48175	41175	4107
48177	41177	4107
48187	41187	4107
48209	41209	4107
48255	41255	4107
48273	41273	4107
48285	41285	4107
48287	41287	4107
48325	41325	4107
48355	41355	4107
48391	41391	4107
48409	41409	4107
48453	41453	4107
48477	41477	4107
48493	41493	4107
48039	41039	4108
48057	41057	4108
48071	41071	4108
48157	41157	4108
48167	41167	4108
48201	41201	4108
48239	41239	4108
48245	41245	4108
48291	41291	4108
48321	41321	4108
48361	41361	4108
48469	41469	4108
48481	41481	4108
48013	41013	4109
48047	41047	4109
48127	41127	4109
48131	41131	4109
48163	41163	4109
48247	41247	4109
48249	41249	4109
48261	41261	4109
48283	41283	4109
48297	41297	4109
48311	41311	4109
48323	41323	4109
48427	41427	4109
48479	41479	4109
48505	41505	4109
48507	41507	4109
48061	41061	4110
48215	41215	4110
48489	41489	4110
49001	42001	4201
49003	42003	4201
49021	42021	4201
49023	42023	4201
49027	42027	4201
49045	42045	4201
49053	42053	4202
49011	42011	4203
49035	42035	4203
49049	42049	4203
49017	42017	4204
49025	42025	4204
49031	42031	4204
49039	42039	4204
49041	42041	4204
49005	42005	4205
49009	42009	4205
49029	42029	4205
49033	42033	4205
49043	42043	4205
49051	42051	4205
49057	42057	4205
49013	42013	4206
49047	42047	4206
49007	42007	4207
49015	42015	4207
49019	42019	4207
49037	42037	4207
49055	42055	4207
50005	43005	4301
50009	43009	4301
50015	43015	4301
50017	43017	4301
50019	43019	4301
50023	43023	4301
50001	43001	4302
50003	43003	4302
50007	43007	4302
50011	43011	4302
50013	43013	4302
50021	43021	4302
50025	43025	4303
50027	43027	4303
51001	44001	4401
51036	44036	4401
51057	44057	4401
51073	44073	4401
51081	44081	4401
51093	44093	4401
51095	44095	4401
51097	44097	4401
51099	44099	4401
51101	44101	4401
51103	44103	4401
51115	44115	4401
51119	44119	4401
51127	44127	4401
51131	44131	4401
51133	44133	4401
51149	44149	4401
51159	44159	4401
51175	44175	4401
51179	44179	4401
51181	44181	4401
51183	44183	4401
51193	44193	4401
51199	44199	4401
51550	44550	4401
51595	44595	4401
51620	44620	4401
51630	44630	4401
51650	44650	4401
51670	44670	4401
51700	44700	4401
51710	44710	4401
51730	44730	4401
51740	44740	4401
51800	44800	4401
51810	44810	4401
51830	44830	4401
51007	44007	4402
51025	44025	4402
51029	44029	4402
51033	44033	4402
51041	44041	4402
51049	44049	4402
51053	44053	4402
51065	44065	4402
51075	44075	4402
51085	44085	4402
51087	44087	4402
51109	44109	4402
51111	44111	4402
51117	44117	4402
51135	44135	4402
51145	44145	4402
51147	44147	4402
51177	44177	4402
51570	44570	4402
51760	44760	4402
51003	44003	4403
51009	44009	4403
51011	44011	4403
51019	44019	4403
51031	44031	4403
51037	44037	4403
51067	44067	4403
51083	44083	4403
51089	44089	4403
51125	44125	4403
51141	44141	4403
51143	44143	4403
51515	44515	4403
51540	44540	4403
51590	44590	4403
51680	44680	4403
51690	44690	4403
51013	44013	4404
51043	44043	4404
51047	44047	4404
51059	44059	4404
51061	44061	4404
51069	44069	4404
51079	44079	4404
51107	44107	4404
51113	44113	4404
51137	44137	4404
51139	44139	4404
51153	44153	4404
51157	44157	4404
51171	44171	4404
51187	44187	4404
51510	44510	4404
51600	44600	4404
51610	44610	4404
51683	44683	4404
51685	44685	4404
51840	44840	4404
51005	44005	4405
51015	44015	4405
51017	44017	4405
51023	44023	4405
51045	44045	4405
51091	44091	4405
51161	44161	4405
51163	44163	4405
51165	44165	4405
51530	44530	4405
51560	44560	4405
51580	44580	4405
51660	44660	4405
51678	44678	4405
51770	44770	4405
51775	44775	4405
51790	44790	4405
51820	44820	4405
51021	44021	4406
51027	44027	4406
51035	44035	4406
51051	44051	4406
51063	44063	4406
51071	44071	4406
51077	44077	4406
51105	44105	4406
51121	44121	4406
51155	44155	4406
51167	44167	4406
51169	44169	4406
51173	44173	4406
51185	44185	4406
51191	44191	4406
51195	44195	4406
51197	44197	4406
51520	44520	4406
51640	44640	4406
51720	44720	4406
51750	44750	4406
53009	45009	4501
53027	45027	4501
53031	45031	4501
53045	45045	4501
53049	45049	4501
53069	45069	4501
53055	45055	4502
53067	45067	4503
53011	45011	4504
53015	45015	4504
53033	45033	4504
53035	45035	4504
53041	45041	4504
53053	45053	4504
53057	45057	4504
53061	45061	4504
53059	45059	4505
53073	45073	4505
53007	45007	4506
53037	45037	4506
53017	45017	4507
53043	45043	4507
53047	45047	4507
53001	45001	4508
53005	45005	4508
53021	45021	4508
53025	45025	4508
53039	45039	4508
53071	45071	4508
53077	45077	4508
53019	45019	4509
53051	45051	4509
53063	45063	4509
53065	45065	4509
53003	45003	4510
53013	45013	4510
53023	45023	4510
53075	45075	4510
54009	46009	4601
54029	46029	4601
54051	46051	4601
54069	46069	4601
54073	46073	4601
54103	46103	4601
54105	46105	4601
54107	46107	4601
54001	46001	4602
54007	46007	4602
54013	46013	4602
54017	46017	4602
54021	46021	4602
54033	46033	4602
54041	46041	4602
54049	46049	4602
54061	46061	4602
54085	46085	4602
54091	46091	4602
54095	46095	4602
54097	46097	4602
54005	46005	4603
54011	46011	4603
54015	46015	4603
54035	46035	4603
54039	46039	4603
54043	46043	4603
54045	46045	4603
54053	46053	4603
54059	46059	4603
54079	46079	4603
54087	46087	4603
54099	46099	4603
54019	46019	4604
54023	46023	4604
54025	46025	4604
54067	46067	4604
54075	46075	4604
54077	46077	4604
54081	46081	4604
54083	46083	4604
54089	46089	4604
54093	46093	4604
54101	46101	4604
54047	46047	4605
54055	46055	4605
54063	46063	4605
54109	46109	4605
54003	46003	4606
54027	46027	4606
54031	46031	4606
54037	46037	4606
54057	46057	4606
54065	46065	4606
54071	46071	4606
55005	47005	4701
55007	47007	4701
55013	47013	4701
55017	47017	4701
55031	47031	4701
55095	47095	4701
55107	47107	4701
55113	47113	4701
55129	47129	4701
55003	47003	4702
55019	47019	4702
55051	47051	4702
55069	47069	4702
55073	47073	4702
55085	47085	4702
55099	47099	4702
55119	47119	4702
55125	47125	4702
55037	47037	4703
55041	47041	4703
55067	47067	4703
55075	47075	4703
55078	47078	4703
55083	47083	4703
55115	47115	4703
55011	47011	4704
55033	47033	4704
55035	47035	4704
55053	47053	4704
55063	47063	4704
55081	47081	4704
55091	47091	4704
55093	47093	4704
55109	47109	4704
55121	47121	4704
55001	47001	4705
55047	47047	4705
55057	47057	4705
55077	47077	4705
55097	47097	4705
55135	47135	4705
55137	47137	4705
55141	47141	4705
55009	47009	4706
55015	47015	4706
55029	47029	4706
55039	47039	4706
55061	47061	4706
55071	47071	4706
55087	47087	4706
55117	47117	4706
55139	47139	4706
55023	47023	4707
55043	47043	4707
55049	47049	4707
55065	47065	4707
55103	47103	4707
55111	47111	4707
55123	47123	4707
55021	47021	4708
55025	47025	4708
55027	47027	4708
55045	47045	4708
55055	47055	4708
55105	47105	4708
55059	47059	4709
55079	47079	4709
55089	47089	4709
55101	47101	4709
55127	47127	4709
55131	47131	4709
55133	47133	4709
56039	48039	4802
56023	48023	4803
56035	48035	4803
56037	48037	4803
56041	48041	4803
56003	48003	4804
56017	48017	4804
56029	48029	4804
56043	48043	4804
56019	48019	4805
56033	48033	4805
56005	48005	4806
56011	48011	4806
56027	48027	4807
56045	48045	4807
56009	48009	4808
56015	48015	4808
56021	48021	4808
56025	48025	4808
56031	48031	4808
56013	48013	4809
56001	48001	4810
56007	48007	4810
